WindowWidth = 1920
WindowHeight = 1129
GridSpacing = 9.800000
TopPanel = 0.725225
CameraSpeed = 11.800000
LeftPanel = 0.563679
RootSplitter = 0.748913
LeftPanel = 0.529343
LeftTop = 0.534127
LeftBottom = 0.510229
BottomPanel = 0.500000
