WindowWidth = 1920
TopPanel = 0.671335
GridSpacing = 9.800000
WindowHeight = 1129
CameraSpeed = 11.800000
LeftPanel = 0.500000
RootSplitter = 0.781517
LeftTop = 0.500000
LeftBottom = 0.500000
BottomPanel = 0.578898
