WindowWidth = 1396
WindowHeight = 840
GridSpacing = 10.000000
CameraSpeed = 8.700000
