WindowWidth = 1904
WindowHeight = 1090
GridSpacing = 9.800000
TopPanel = 0.830426
CameraSpeed = 11.800000
RootSplitter = 0.856992
LeftPanel = 0.402582
LeftTop = 0.529448
LeftBottom = 0.500000
BottomPanel = 0.500000
