WindowWidth = 1380
GridSpacing = 8.600000
WindowHeight = 801
CameraSpeed = 8.700000
