WindowWidth = 1920
GridSpacing = 9.800000
WindowHeight = 1129
CameraSpeed = 8.700000
