WindowWidth = 1920
WindowHeight = 1129
GridSpacing = 9.800000
CameraSpeed = 8.700000
