WindowWidth = 1888
TopPanel = 0.708849
GridSpacing = 9.800000
WindowHeight = 1051
CameraSpeed = 8.700000
LeftPanel = 0.507724
RootSplitter = 0.768538
LeftTop = 0.500000
LeftBottom = 0.500000
BottomPanel = 0.589914
