WindowWidth = 1920
GridSpacing = 8.600000
WindowHeight = 1129
CameraSpeed = 8.700000
