WindowWidth = 1336
GridSpacing = 8.600000
WindowHeight = 748
CameraSpeed = 8.700000
