WindowWidth = 1667
WindowHeight = 1026
GridSpacing = 9.800000
CameraSpeed = 8.700000
