WindowWidth = 1888
WindowHeight = 1051
GridSpacing = 9.800000
TopPanel = 0.708849
CameraSpeed = 8.700000
RootSplitter = 0.768538
LeftPanel = 0.507724
LeftTop = 0.500000
LeftBottom = 0.500000
BottomPanel = 0.589914
