WindowWidth = 1904
WindowHeight = 1090
GridSpacing = 9.800000
TopPanel = 0.726744
CameraSpeed = 11.800000
RootSplitter = 0.781517
LeftPanel = 0.500000
LeftTop = 0.500000
LeftBottom = 0.500000
BottomPanel = 0.578898
