WindowWidth = 1396
GridSpacing = 10.000000
WindowHeight = 840
CameraSpeed = 8.700000
