WindowWidth = 1902
WindowHeight = 1120
GridSpacing = 9.800000
CameraSpeed = 8.700000
