WindowWidth = 1667
GridSpacing = 9.800000
WindowHeight = 1026
CameraSpeed = 8.700000
