WindowWidth = 1920
WindowHeight = 1129
GridSpacing = 8.600000
CameraSpeed = 8.700000
