WindowWidth = 1888
TopPanel = 0.725225
GridSpacing = 9.800000
WindowHeight = 1051
CameraSpeed = 11.800000
LeftPanel = 0.529343
RootSplitter = 0.617647
LeftTop = 0.534127
LeftBottom = 0.510229
BottomPanel = 0.628989
