WindowWidth = 1856
WindowHeight = 1042
GridSpacing = 9.800000
TopPanel = 0.830426
CameraSpeed = 11.500000
RootSplitter = 0.842161
LeftPanel = 0.456818
LeftTop = 0.534127
LeftBottom = 0.556787
BottomPanel = 0.500000
