WindowWidth = 1888
WindowHeight = 1051
GridSpacing = 9.800000
CameraSpeed = 8.700000
