WindowWidth = 1920
WindowHeight = 1129
GridSpacing = 9.800000
TopPanel = 0.785189
CameraSpeed = 8.700000
RootSplitter = 0.807773
LeftPanel = 0.500000
LeftTop = 0.500000
LeftBottom = 0.500000
BottomPanel = 0.527668
