WindowWidth = 1920
WindowHeight = 1129
GridSpacing = 10.000000
CameraSpeed = 8.700000
