WindowWidth = 1902
GridSpacing = 9.800000
WindowHeight = 1120
CameraSpeed = 8.700000
