WindowWidth = 1396
GridSpacing = 8.600000
WindowHeight = 840
CameraSpeed = 8.700000
