WindowWidth = 1888
WindowHeight = 1120
GridSpacing = 9.800000
TopPanel = 0.830426
CameraSpeed = 11.800000
RootSplitter = 0.842161
LeftPanel = 0.529343
LeftTop = 0.429986
LeftBottom = 0.467468
BottomPanel = 0.500000
