WindowWidth = 1888
TopPanel = 0.750988
GridSpacing = 9.800000
WindowHeight = 1051
CameraSpeed = 8.700000
LeftPanel = 0.500000
RootSplitter = 0.781517
LeftTop = 0.500000
LeftBottom = 0.500000
BottomPanel = 0.527668
