WindowWidth = 1904
GridSpacing = 9.800000
WindowHeight = 1090
CameraSpeed = 8.700000
