WindowWidth = 1920
TopPanel = 0.785189
GridSpacing = 9.800000
WindowHeight = 1129
CameraSpeed = 8.700000
LeftPanel = 0.500000
RootSplitter = 0.807773
LeftTop = 0.500000
LeftBottom = 0.500000
BottomPanel = 0.527668
